All
==        FCFS==
-299999777734441111DDDDDDDDDCCCCCC000000055558888888AABBBBBB6666666
==          RR==
-29997779934447111DDDCCC0001DDD555888CCCAA000DDD5BBB8886660BBB86666
==        SRTF==
-277773444111199999CCCCCC5AA5550000000BBBBBB88888886666666DDDDDDDDD
==        PPRR==
-999993777724DDCCCCCC058888888AA5550000666666600DDDDDDDBBBBBB111441
==        HRRN==
-299999777734441111CCCCCCDDDDDDDDDAA555500000008888888BBBBBB6666666
===========================================================

waiting
ID	FCFS	RR	SRTF	PPRR	HRRN
===========================================================
0	18	36	15	25	24
1	6	15	1	54	6
2	0	0	0	10	0
3	5	4	0	0	5
4	6	5	1	57	6
5	19	23	5	9	14
6	21	21	12	0	21
7	5	9	0	5	5
8	22	33	21	0	24
9	1	4	13	0	1
10	26	14	0	4	8
11	18	20	2	19	18
12	13	19	4	0	4
13	6	26	45	33	12
===========================================================

Turnaround Time
ID	FCFS	RR	SRTF	PPRR	HRRN
===========================================================
0	25	43	22	32	31
1	10	19	5	58	10
2	1	1	1	11	1
3	6	5	1	1	6
4	9	8	4	60	9
5	23	27	9	13	18
6	28	28	19	7	28
7	9	13	4	9	9
8	29	40	28	7	31
9	6	9	18	5	6
10	28	16	2	6	10
11	24	26	8	25	24
12	19	25	10	6	10
13	15	35	54	42	21
===========================================================
